n n12 959 248 5
n n13 1057 170 5
n n10 1040 389 5
n n11 1094 461 5
n n16 1100 345 5
n n17 1178 305 5
n n14 1130 177 5
n n15 1194 118 5
n n56 495 636 5
n n57 824 552 5
n n18 634 273 5
n n19 580 158 5
n n52 679 564 5
n n53 551 618 5
n n50 666 636 5
n n51 749 606 5
n n90 23 217 5
n n58 929 548 5
n n59 919 505 5
n n29 450 471 5
n n28 449 448 5
n n23 680 72 5
n n22 607 21 5
n n21 622 117 5
n n20 535 67 5
n n27 402 452 5
n n26 304 452 5
n n25 309 542 5
n n24 404 543 5
n n67 767 170 5
n n66 797 151 5
n n65 911 153 5
n n55 446 645 5
n n63 861 512 5
n n62 891 454 5
n n61 937 446 5
n n60 964 490 5
n n69 904 71 5
n n68 773 116 5
n n38 239 485 5
n n39 132 496 5
n n93 602 414 5
n n34 317 285 5
n n35 367 288 5
n n36 366 262 5
n n37 406 286 5
n n30 451 370 5
n n31 400 380 5
n n32 312 396 5
n n33 311 371 5
n n78 1155 712 5
n n79 1140 786 5
n n70 875 21 5
n n71 980 208 5
n n72 1016 170 5
n n73 975 83 5
n n74 991 24 5
n n75 1053 114 5
n n76 1059 48 5
n n77 1075 16 5
n WBurg 1134 593 34
n n8 737 355 5
n n9 849 346 5
n n2 303 227 5
n n3 309 105 5
n n0 243 453 5
n n1 269 277 5
n n6 403 498 5
n n7 593 405 5
n n4 308 496 5
n n5 259 371 5
n n89 19 109 5
n n88 20 159 5
n n81 999 756 5
n n80 1009 618 5
n n83 789 664 5
n n82 804 599 5
n n85 126 119 5
n n84 13 413 5
n n87 105 179 5
n n86 96 8 5
n Sciotoville 931 322 20
n n49 701 623 5
n n48 688 590 5
n n45 444 670 5
n n44 393 673 5
n n47 547 771 5
n n46 506 738 5
n n41 90 654 5
n n40 56 523 5
n n43 213 631 5
n n42 155 622 5
n n64 850 478 5
n n92 405 509 5
n Portsmouth 232 541 40
n n54 558 637 5
n n91 308 512 5
n n94 740 371 5
n n95 847 324 5
n NewBoston 653 362 32
e 0 81 79.12016177940993
e 0 53 45.17742799230607
e 0 1 125.25174649480941
e 1 0 125.25174649480941
e 1 6 73.33484846919642
e 2 81 127.94530081249565
e 2 3 90.0
e 2 4 74.4043009509531
e 3 2 90.0
e 3 60 137.92751719653333
e 4 2 74.4043009509531
e 4 5 87.65842800324451
e 5 4 87.65842800324451
e 6 1 73.33484846919642
e 6 7 87.04596486914255
e 7 6 87.04596486914255
e 8 32 49.8196748283246
e 8 13 58.82176467941097
e 9 17 105.07616285342742
e 9 83 141.20906486483082
e 9 76 51.07837115648854
e 9 33 54.48853090330111
e 10 11 127.04723531033645
e 10 99 91.00549433962765
e 11 24 101.51847122568385
e 11 10 127.04723531033645
e 11 23 58.69412236331676
e 12 33 189.2828571212935
e 12 83 27.51363298439521
e 12 13 138.92443989449805
e 13 8 58.82176467941097
e 13 12 138.92443989449805
e 13 95 20.248456731316587
e 14 82 37.33630940518894
e 15 82 50.92150822589606
e 15 76 55.44366510251645
e 16 72 58.077534382926416
e 17 9 105.07616285342742
e 17 74 106.30145812734649
e 17 18 44.14748010928823
e 18 17 44.14748010928823
e 18 34 58.180752831155424
e 18 36 47.43416490252569
e 18 33 58.42088667591412
e 19 20 23.021728866442675
e 20 19 23.021728866442675
e 20 46 78.02563681252464
e 21 23 73.40980860893181
e 22 23 97.16480844420988
e 23 11 58.69412236331676
e 23 21 73.40980860893181
e 23 22 97.16480844420988
e 24 11 101.51847122568385
e 25 67 46.010868281309364
e 26 48 56.568542494923804
e 26 65 61.00819617067857
e 27 96 30.01666203960727
e 27 28 95.00526301210897
e 27 94 77.00649323271382
e 28 27 95.00526301210897
e 28 93 34.0147027033899
e 29 30 35.510561809129406
e 30 29 35.510561809129406
e 30 38 42.43819034784589
e 30 31 114.0175425099138
e 31 53 88.23831367382311
e 31 30 114.0175425099138
e 31 37 82.29823813423954
e 32 8 49.8196748283246
e 32 84 25.079872407968907
e 33 12 189.2828571212935
e 33 18 58.42088667591412
e 33 92 35.73513677041127
e 33 9 54.48853090330111
e 34 18 58.180752831155424
e 35 36 51.62363799656123
e 36 18 47.43416490252569
e 36 35 51.62363799656123
e 37 52 57.8013840664737
e 37 31 82.29823813423954
e 38 30 42.43819034784589
e 39 40 107.56393447619885
e 39 65 32.2490309931942
e 39 94 56.43580423808985
e 40 89 80.65358020571685
e 40 39 107.56393447619885
e 41 99 72.83543093852057
e 42 66 48.662100242385755
e 42 43 50.08991914547278
e 43 44 26.019223662515376
e 43 45 39.05124837953327
e 43 47 97.73944955850733
e 44 43 26.019223662515376
e 44 45 46.647615158762406
e 45 43 39.05124837953327
e 45 44 46.647615158762406
e 45 46 95.29428104561154
e 46 20 78.02563681252464
e 46 45 95.29428104561154
e 47 25 72.02777242147643
e 48 49 25.019992006393608
e 49 42 86.20904824900923
e 49 70 52.0
e 50 51 75.50496672405067
e 50 60 120.83873551142449
e 51 50 75.50496672405067
e 52 37 57.8013840664737
e 53 0 45.17742799230607
e 53 54 52.3450093132096
e 53 31 88.23831367382311
e 54 57 67.11929677819934
e 54 53 52.3450093132096
e 54 55 96.17692030835673
e 55 56 61.1310068623117
e 55 54 96.17692030835673
e 56 55 61.1310068623117
e 57 58 66.27216610312357
e 57 54 67.11929677819934
e 58 57 66.27216610312357
e 58 59 35.77708763999664
e 59 58 35.77708763999664
e 60 50 120.83873551142449
e 60 3 137.92751719653333
e 61 99 84.29116205154607
e 62 81 85.44003745317531
e 63 64 122.14745187681976
e 63 66 60.4648658313239
e 64 63 122.14745187681976
e 65 26 61.00819617067857
e 65 70 83.54639429682169
e 65 39 32.2490309931942
e 66 42 48.662100242385755
e 66 63 60.4648658313239
e 66 70 94.53041838477179
e 66 79 191.049731745428
e 67 69 95.02105029939419
e 68 67 211.53959440256097
e 69 26 44.181444068749045
e 69 94 88.32326986700618
e 70 65 83.54639429682169
e 70 66 94.53041838477179
e 70 49 52.0
e 71 72 50.00999900019995
e 72 16 58.077534382926416
e 72 71 50.00999900019995
e 72 79 87.32124598286491
e 73 74 138.36184445142382
e 74 17 106.30145812734649
e 74 73 138.36184445142382
e 75 76 66.70832032063167
e 76 9 51.07837115648854
e 76 75 66.70832032063167
e 76 15 55.44366510251645
e 77 80 114.9826073804208
e 77 79 63.56886030125127
e 78 89 118.10588469674151
e 78 79 251.4358765172544
e 79 72 87.32124598286491
e 79 66 191.049731745428
e 79 77 63.56886030125127
e 79 78 251.4358765172544
e 80 77 114.9826073804208
e 81 0 79.12016177940993
e 81 2 127.94530081249565
e 81 98 84.02380615040002
e 82 83 35.4682957019364
e 82 14 37.33630940518894
e 82 15 50.92150822589606
e 83 9 141.20906486483082
e 83 82 35.4682957019364
e 83 12 27.51363298439521
e 83 95 138.23530663329106
e 84 32 25.079872407968907
e 84 87 92.02173656261873
e 84 85 51.088159097779204
e 84 95 118.68024266911489
e 85 90 184.83506160899236
e 85 84 51.088159097779204
e 86 87 52.630789467763066
e 87 84 92.02173656261873
e 87 86 52.630789467763066
e 88 89 135.34031180694095
e 88 91 72.44998274671983
e 89 88 135.34031180694095
e 89 40 80.65358020571685
e 89 78 118.10588469674151
e 90 91 58.69412236331676
e 90 85 184.83506160899236
e 91 88 72.44998274671983
e 91 90 58.69412236331676
e 92 33 35.73513677041127
e 93 41 218.7098534588691
e 93 28 34.0147027033899
e 94 96 81.34494452638098
e 94 27 77.00649323271382
e 94 39 56.43580423808985
e 95 83 138.23530663329106
e 95 84 118.68024266911489
e 95 13 20.248456731316587
e 96 27 30.01666203960727
e 96 93 97.04638066409278
e 97 62 111.83022847155415
e 98 61 114.28473213863697
e 99 97 87.46427842267951
e 99 10 91.00549433962765
e 99 68 73.81734213584231
L 1054 785 1085 602
L 1085 602 1066 464
L 1066 464 1020 391
L 1020 391 980 360
L 980 360 1007 328
L 1007 328 1010 309
L 1010 309 1024 282
L 1024 282 1014 263
L 1014 263 996 279
L 996 279 976 302
L 976 302 975 281
L 975 281 997 263
L 997 263 1043 191
L 1043 191 1105 178
L 1105 178 1110 186
L 1110 186 1131 201
L 1131 201 1117 208
L 1117 208 1120 223
L 1120 223 1142 228
L 1142 228 1150 244
L 1150 244 1164 245
L 1164 245 1155 218
L 1155 218 1163 208
L 1163 208 1198 215
L 1197 208 1161 202
L 1161 202 1150 215
L 1150 215 1157 238
L 1157 238 1153 239
L 1153 239 1145 223
L 1145 223 1125 220
L 1125 220 1122 213
L 1122 213 1138 202
L 1138 202 1104 172
L 1104 172 1033 188
L 1033 188 991 262
L 991 262 967 281
L 967 281 969 311
L 969 311 981 309
L 981 309 1009 275
L 1009 275 1015 282
L 1015 282 1002 309
L 1002 309 998 328
L 998 328 976 351
L 976 351 894 346
L 894 346 751 390
L 751 390 620 445
L 620 445 366 609
L 366 609 122 584
L 122 584 140 540
L 140 540 185 521
L 185 521 189 487
L 189 487 148 436
L 148 436 147 375
L 147 375 136 342
L 136 342 145 324
L 145 324 243 302
L 243 302 272 257
L 272 257 260 158
L 260 158 299 112
L 299 112 300 5
L 287 5 287 108
L 287 108 248 157
L 248 157 260 257
L 260 257 237 288
L 237 288 139 314
L 139 314 124 343
L 124 343 135 377
L 135 377 137 443
L 137 443 175 491
L 175 491 173 510
L 173 510 123 534
L 123 534 109 577
L 109 577 2 611
L 3 665 105 616
L 105 616 174 610
L 174 610 356 652
L 356 652 413 635
L 413 635 499 574
L 499 574 509 617
L 509 617 511 635
L 511 635 523 644
L 523 644 514 655
L 514 655 549 695
L 549 695 564 698
L 564 698 581 704
L 581 704 600 699
L 600 699 591 685
L 591 685 575 682
L 575 682 569 666
L 569 666 593 640
L 593 640 608 638
L 608 638 617 650
L 617 650 624 654
L 624 654 631 667
L 631 667 660 660
L 660 660 700 723
L 700 723 705 748
L 705 748 698 777
L 698 777 672 753
L 672 753 667 757
L 667 757 666 783
L 666 783 641 762
L 641 762 647 754
L 647 754 642 743
L 642 743 606 731
L 606 731 600 754
L 600 754 603 768
L 603 768 573 774
L 593 776 612 771
L 612 771 607 755
L 607 755 611 738
L 611 738 634 747
L 634 747 638 752
L 638 752 631 764
L 631 764 666 791
L 666 791 676 787
L 708 773 714 744
L 714 744 705 715
L 705 715 663 653
L 663 653 634 659
L 634 659 612 632
L 612 632 586 636
L 586 636 563 661
L 563 661 571 686
L 571 686 587 690
L 587 690 591 697
L 591 697 581 699
L 581 699 551 689
L 551 689 520 656
L 520 656 532 644
L 532 644 516 630
L 516 630 506 571
L 506 571 678 453
L 678 453 893 376
L 893 376 954 382
L 954 382 1033 461
L 1033 461 1052 606
L 1052 606 1024 783
